ret: 0.16047323590304693
mtx:
 [[1.07588078e+03 0.00000000e+00 5.87202624e+02]
 [0.00000000e+00 1.07555501e+03 3.19733956e+02]
 [0.00000000e+00 0.00000000e+00 1.00000000e+00]]
dist畸变值:
 [[-0.4473624   0.27176798 -0.00062173 -0.0019694  -0.09317617]]
rvecs旋转（向量）外参:
 (array([[0.2970492 ],
       [0.05745051],
       [2.84078789]]), array([[ 0.04673996],
       [-0.03189757],
       [-2.88211459]]), array([[-0.21638473],
       [ 0.33058018],
       [ 2.91865687]]), array([[ 0.10364325],
       [ 0.13312877],
       [-2.16671737]]), array([[ 0.16087673],
       [ 0.29574091],
       [-1.82743466]]), array([[ 0.44700825],
       [-0.04102139],
       [-1.66184493]]), array([[ 0.20758668],
       [ 0.24295304],
       [-1.42241809]]))
tvecs平移（向量）外参:
 (array([[178.0921768 ],
       [ 36.90055418],
       [299.80330618]]), array([[ 47.98279161],
       [ 95.00562523],
       [751.05057459]]), array([[ 99.18636601],
       [ 42.58346795],
       [286.44230729]]), array([[ 84.03933272],
       [124.56665758],
       [452.85487765]]), array([[-16.76585125],
       [-15.2102111 ],
       [757.51708995]]), array([[-159.84631837],
       [  34.48844881],
       [ 734.85917852]]), array([[ 33.9627443 ],
       [-18.35637703],
       [753.91900432]]))
newcameramtx外参 [[1.07438647e+03 0.00000000e+00 5.86387042e+02]
 [0.00000000e+00 1.06347595e+03 3.29518190e+02]
 [0.00000000e+00 0.00000000e+00 1.00000000e+00]]